First name:  Zhonggang

Last name:  Li

Full name:  ZHONGGANG  LI

List of x:  [1, 0, 0, 0, 0, 1]

List of y:   [1, 2, 2, 2]

Product is 8

Index for B is 9

i occured 3 times in course_str

String starts with B:  Bio

{'a': 1, 'b': 2, 'c': 3, 'd': 4, 'e': 5}

{'a': 1, 'b': 2, 'c': 3, 'd': 4, 'e': 6}

innter product a is -4

outer product B is: 
3 -2 1 
6 -4 2 
-9 6 -3 

scaler with matrix product C is 
-12 8 -4 
-24 16 -8 
36 -24 12 

R is
0.7551401528570917 0.1430923975233418 0.8213222044451701 
0.7977478233253895 0.26409003119207375 0.9822646398322433 
0.492342622826067 0.22611359610927606 0.9485570586027211 

RC is
17.07169998518082 -11.38113332345388 5.69056666172694 
19.450392405446316 -12.966928270297544 6.483464135148772 
22.81321632916253 -15.208810886108353 7.604405443054176 

CR is
-4.649069738986252 -0.5088429051806158 -5.79197756909498 
-9.298139477972503 -1.0176858103612316 -11.58395513818996 
13.947209216958754 1.5265287155418474 17.37593270728494 

Element product is 
-9.0616818342851 1.1447391801867344 -3.2852888177806805 
-19.14594775980935 4.22544049907318 -7.858117118657947 
17.724334421738412 -5.4267263066226255 11.382684703232654 

first_three elements are: 
-3.647 -2.321 -2.184 

bin sorting with equal bin width: 
bin 0 values:  [-3.647, -2.321, -2.184]
left edge: -3.6470; right edge: -0.3686
bin 1 values:  [0.097, 0.114, 0.925, 1.176, 1.205, 1.29]
left edge: -0.3686; right edge: 2.9098
bin 2 values:  [3.915, 4.065, 5.611]
left edge: 2.9098; right edge: 6.1882
bin 3 values:  [7.181, 7.91, 8.755]
left edge: 6.1882; right edge: 9.4666
bin 4 values:  [9.671, 10.31, 10.352, 10.686, 12.745]
left edge: 9.4666; right edge: 12.7450

bin sorting with equal numbers in each bin: 
[-3.647 -2.321 -2.184  0.097]
left edge: -3.6470; right edge: 0.0970
[0.114 0.925 1.176 1.205]
left edge: 0.1140; right edge: 1.2050
[1.29  3.915 4.065 5.611]
left edge: 1.2900; right edge: 5.6110
[7.181 7.91  8.755 9.671]
left edge: 7.1810; right edge: 9.6710
[10.31  10.352 10.686 12.745]
left edge: 10.3100; right edge: 12.7450

first_three elements descending are: 
12.745 10.686 10.352 
